#zed	pfpf	cv	cspd2	ar2	sweep2	dprop2	wingld2	af2	seatw2	elodt2	taper2	cspd4	ar4	sweep4	dprop4	wingld4	af4	seatw4	elodt4	taper4	cspd6	ar6	sweep6	dprop6	wingld6	af6	seatw6	elodt6	taper6	box_zed	box_pfpf
0.595989558085151	0.0586535300214993	0.0	0.24000002313698082	7.001710385656778	5.999115900890383	5.574550919167012	20.8519509346556	85.01224420105412	18.65230185994262	3.7499855326541405	0.4602887735960908	0.2400887591467935	7.057453285487046	5.993847556093176	5.575288671041455	20.69537911061588	85.0139286650391	18.59343906323794	3.749995237002337	0.4602087574605215	0.24000311040903013	7.082009805863427	5.99708621235099	5.576125247326503	20.658210314211402	85.01729027324923	18.62442164095941	3.747627320581122	0.46000637304616004	595	58
0.581812917824515	0.091740102709028	0.0	0.24000002663410147	7.002484420310717	5.999271656777798	5.574289686459434	20.860272189583316	85.01552204637186	18.632189530944284	3.7499725724635358	0.46028343507207	0.2400859512029683	7.061272187338947	5.996569196089967	5.575223923455859	20.697297051801804	85.01450742868542	18.600780894469867	3.749992388008559	0.46020397025901716	0.24000349661887316	7.126614055510991	5.998008304747255	5.5760768473714215	20.520997763304745	85.01169966808763	18.62184974146525	3.749207174936907	0.46000869423744056	581	91
0.59697125030791	0.0567061603431056	0.0	0.24000002418833072	7.001657224120065	5.999266986669407	5.5746152938365645	20.850075988462766	85.01069893510393	18.656505415280126	3.7499843795755563	0.4602893059686109	0.24009008722007222	7.057001256772594	5.994281008941476	5.575602802342061	20.6938999753973	85.01343777412517	18.591357747047052	3.749988480904845	0.4602075363274046	0.24000287197270997	7.0810559908898725	5.997130773713207	5.576379537433024	20.67191275399981	85.01619211385206	18.620721249860573	3.747816303723156	0.46000691400348054	596	56
0.594943369664076	0.0608294418726385	0.0	0.24000002251075447	7.001916758359383	5.9991171771001115	5.5744727645607	20.8537805792721	85.01202118802664	18.647901412894946	3.749985186106514	0.46028760394339613	0.24008796244806999	7.0580626865180704	5.9935892152935555	5.575433290904606	20.696343318742816	85.0142173688759	18.595133972682774	3.7499957100390895	0.4602068268932562	0.24000327210426248	7.084193629516862	5.99717246155835	5.576224002961002	20.646349587900836	85.01647833454957	18.6253379590782	3.747662083488058	0.46000639535406573	594	60
0.618988743885869	0.0229587796556327	0.0	0.24000001292261627	7.001806883174332	5.9997279748154835	5.574266794883292	20.83857256974709	85.05055108402313	18.682094498606332	3.7499920041008004	0.4602805267206397	0.24005080044324015	7.032108064193358	5.997192943343621	5.574661272893891	20.77715866453511	85.04612524265225	18.65270286915439	3.7499977369307373	0.4602005429595673	0.2400075384156386	7.02944080098811	5.999003619712221	5.576055624112731	20.77621838373027	85.0433806767299	18.651004635089123	3.749478534403741	0.4600032819901512	618	22
0.586990390718526	0.0779373589680935	0.0	0.24000002597060524	7.002443183996134	5.999267565346031	5.574228681622005	20.860388483310846	85.01959329988163	18.6319383951631	3.7499716999908377	0.4602833614137907	0.24008494026245528	7.060924298848143	5.996693871546322	5.575222517651411	20.69717738567906	85.01825238182177	18.601772047558722	3.7499918580931246	0.4602043262292632	0.2400035104180089	7.130966496238723	5.998023402809658	5.5760713142256275	20.597509442016744	85.01553908885313	18.6239365293628	3.7491488656241785	0.4600085054239205	586	77
0.634294256755379	0.00372603564762588	0.0	0.24000000044644304	7.001218213338735	5.9999668596409705	5.574727499193969	20.815188504672314	85.27786835013688	18.73867758667246	3.749928494880495	0.46029259288371815	0.24001369601583128	7.009848004784405	5.999702165844085	5.575119057394633	20.814180576396037	85.28595721729765	18.734557073610684	3.749986681127932	0.46021024180549686	0.2400098757130589	7.00786583181126	5.999973694554399	5.57494031520649	20.812589764016238	85.27927666307241	18.73759635511116	3.7499971625768236	0.460006022162184	634	3
0.585672266618101	0.0818393422822183	0.0	0.24000002481530627	7.0022923916543816	5.999187793426407	5.574301506599213	20.859960927058367	85.01389752741972	18.633227070974073	3.7499774895787086	0.4602841908201265	0.2400861702917357	7.060850739112583	5.995383186931463	5.574833907055164	20.698172797679256	85.01393445379689	18.59869464779879	3.749993365536668	0.46020633827026264	0.2400035834202523	7.114753181099816	5.997776061445431	5.57572790610186	20.55977530745914	85.01303591763273	18.62258966153323	3.7485825654567027	0.46000768408716414	585	81
0.60386105202619	0.0457031333313674	0.0	0.24000001929924886	7.0017901998807694	5.999465485857288	5.574444743905482	20.847910054363354	85.02787727898132	18.66115344700265	3.7499951569857273	0.4602883923166538	0.2400765607400854	7.049429727843845	5.995168103345746	5.575410113958959	20.722572378379756	85.05669145191492	18.606537213446032	3.749576082725016	0.4602185213088458	0.24000456777743517	7.063438381122308	5.997851683790045	5.575117393821228	20.70257699506917	85.05442262779333	18.63255141484849	3.7485656627043866	0.4600046909915605	603	45
0.597766438445467	0.0553405006020172	0.0	0.24000002401323026	7.001633673089065	5.999271129914317	5.57461803049185	20.84967479677934	85.01113962084762	18.657425007722402	3.749984781632002	0.4602894383579668	0.24008981235655338	7.056628651540684	5.994256820933377	5.575611049168891	20.694628071253913	85.0146321729264	18.591355086401684	3.7499768432463285	0.4602077560848279	0.24000289616969978	7.079487937381726	5.997123210816411	5.576354296969788	20.679868111870455	85.01731143850817	18.6210788834227	3.747826138149974	0.46000685768806476	597	55
0.580999226369862	0.0936965605793629	0.0	0.24000002349167207	7.002809507892789	5.998805781419369	5.57403368690892	20.870855114974653	85.00437929398652	18.60891307976314	3.7499972885940007	0.4602807667835955	0.24008499249553555	7.0654773923695275	5.994141807627603	5.574159685935025	20.701966558823006	85.00453924805176	18.60918982053367	3.7499985691121545	0.4602237929480339	0.24000439916486122	7.166959573990402	5.997836052788448	5.5754466709413295	20.562833739720286	85.00802140504437	18.614302623011966	3.7473170417855095	0.4600018611483536	580	93
0.589694561698712	0.0714055968768569	0.0	0.24000002603076673	7.00221869022337	5.999373523399079	5.574350643707209	20.856579292325307	85.01728473602479	18.64069775670411	3.749970903612873	0.4602845367121885	0.240085973707486	7.059175695471031	5.996457326602604	5.575375536998054	20.696556208845312	85.0149108317226	18.597757265122972	3.749996810598046	0.4602007226025111	0.2400032794509335	7.119669726019636	5.997843508466878	5.576175879160897	20.62015688645568	85.01214338009017	18.62379074057682	3.7491756863636123	0.46000923063623306	589	71
0.591803353120746	0.0665906085348563	0.0	0.24000002667230624	7.002159609936207	5.999382370051745	5.574425747986645	20.854860431725342	85.01389135911788	18.644572159713515	3.749973964809141	0.4602858487288392	0.2400880297185663	7.058906643447796	5.996091874713056	5.575714570329709	20.696338684950348	85.01279932387844	18.59458366675691	3.7499926881874224	0.4602028804803217	0.2400031144995955	7.115007063327072	5.997726482431772	5.576513964050893	20.645063357170162	85.01066652572796	18.622023821458615	3.7492072139566073	0.46000886721944756	591	66
0.587498863359531	0.0764746178038098	0.0	0.24000002643438112	7.002177076884493	5.999247053040667	5.574425126116276	20.856001690547547	85.0140584713409	18.64202513102322	3.7499740783139464	0.46028546852728225	0.2400878376108242	7.059570090959414	5.995769026309439	5.575423863200459	20.69654823253177	85.01273655220456	18.594997517372917	3.7499927903289167	0.46020326450013327	0.24000321172985528	7.115554408609438	5.997660637291549	5.57625005388037	20.58640634125198	85.01041682402307	18.621296252985235	3.749184894351499	0.4600088144599822	587	76
0.592991879932162	0.0647164109390785	0.0	0.2400000244412752	7.002078499724854	5.999115092155082	5.574372994748395	20.855780988658463	85.01452967086415	18.64275732061883	3.74997929912567	0.460285206928872	0.24008441977464912	7.057658853834007	5.9953217617540995	5.574775483678036	20.70352929516641	85.02013484663098	18.598421589016905	3.749994208028658	0.4602067880382046	0.2400036687973747	7.106062010054281	5.997585878178137	5.575682658559577	20.641508054765904	85.01876400695915	18.622702649332204	3.7489352478923568	0.4600075765089305	592	64
0.623985327083814	0.0159589750036972	0.0	0.240000009242334	7.00176917658312	5.999869561817805	5.5743318003175855	20.833577348566475	85.12162095279949	18.69410467937945	3.7499732792981417	0.4602824374624046	0.2400380709775282	7.025409770229303	5.998283853439822	5.5744363853341685	20.793049397939765	85.12492034141991	18.677829884498543	3.749986373084096	0.4602078941313248	0.24000860155588868	7.021788116516827	5.999305574370098	5.575447677231047	20.789427672553717	85.1212073224364	18.674016325302897	3.7498194607053486	0.4600034374364007	623	15
0.619735408741712	0.0217574069410272	0.0	0.2400000122575633	7.00184192355796	5.99968992560093	5.574169894989285	20.838809184717462	85.05422700318113	18.681579951033623	3.749991403467287	0.46027970869495544	0.240048016095783	7.030862781664336	5.9974197573016035	5.574578109014342	20.781601480758948	85.04999571163219	18.65682824462618	3.7499991336511203	0.4602004965639904	0.24000781867295073	7.030951799302188	5.999058145977832	5.575998346911678	20.780752756947802	85.04694986621142	18.65417592452176	3.749541705032159	0.4600032870756458	619	21
0.600644245685475	0.0504610888418108	0.0	0.24000002109267038	7.0016999352413665	5.999440813906271	5.574737144333896	20.848617733764538	85.01327843373572	18.659173746614027	3.7499908914931677	0.4602886854887006	0.24008503459044622	7.054237902660908	5.994735302606114	5.575341129567494	20.706773559440695	85.02143607970905	18.599287283373528	3.7499991454395696	0.4602099225185741	0.24000367797212277	7.071971661437216	5.997604166447055	5.576244469073917	20.694058397372	85.02379483011295	18.623236164421943	3.7480922091719076	0.4600008134782997	600	50
0.622881337786692	0.0174623793468204	0.0	0.24000000988906242	7.001787941486596	5.999850192962808	5.5743254786996745	20.834542598720514	85.11434928385947	18.691820472796238	3.749974685031831	0.4602822863517154	0.24004000699825473	7.0266448462770885	5.998162367466251	5.5744511371968315	20.79003234192063	85.11737444089994	18.67416832361862	3.749984573276132	0.46020750241510566	0.24000842572505374	7.024252218151225	5.999245196086204	5.575486287670238	20.784533124080827	85.1137569671254	18.67100805793206	3.7497894697844267	0.4600034964863165	622	17
0.593950638121531	0.0628437235729161	0.0	0.24000002302276896	7.001902740577713	5.9990364963071805	5.574504354334801	20.85404487708302	85.01504029169644	18.647690290575103	3.7499855422118364	0.46028894340527354	0.24008799254614574	7.05846357385338	5.994105118250555	5.575434448155462	20.694598767666523	85.01261798672427	18.597011934992718	3.749971907465062	0.460208297129738	0.24000320478643605	7.090016851882983	5.997240813371093	5.5762096970952735	20.63987368859043	85.01804812626597	18.624281768780726	3.7474889428201106	0.46000551782381044	593	62
0.63291515258993	0.00493072338197533	0.0	0.2400000014178263	7.001279379651788	5.99994749049765	5.57467337539585	20.817629256056275	85.25641856608547	18.732700496506645	3.7499350360460943	0.46029133861238364	0.2400170592907253	7.0120127114321695	5.9995239545185095	5.5750445200410566	20.811284021132725	85.26457197250589	18.72670276234852	3.749985424862282	0.46021009949555064	0.24000969904424402	7.009842227559168	5.999900477701393	5.575017580655311	20.809917440500723	85.25827710208415	18.729138416502042	3.749970594561198	0.46000570565242566	632	4
0.588792137870578	0.0736862248818957	0.0	0.24000002572986706	7.002354338952839	5.999287613927103	5.57434982269152	20.85830938346366	85.02054510134437	18.636764933000162	3.749971590408758	0.46028436119217103	0.24008539256563086	7.060269856651671	5.996394692818883	5.575293872897492	20.69723337850405	85.01963889320623	18.601212342972406	3.7499889672610776	0.4602029257979763	0.24000345891051958	7.122903236868021	5.997959156838151	5.576087314142511	20.610756728420128	85.01691744245278	18.624371684823554	3.7491577449152746	0.4600088200229532	588	73
0.577997391135186	0.102193271192132	0.0	0.2400000211644116	7.002184884597734	5.998901460184159	5.573127490693427	20.869404420888426	85.00826317863566	18.61219080605555	3.749989448029669	0.46027921964777535	0.2400777756567274	7.058870247491407	5.996372898871384	5.574544827956121	20.69834150000032	85.01069052469624	18.60106384249604	3.749995568292083	0.4602079892455764	0.24000378483195187	7.158246432642097	5.997480261110907	5.575509646383565	20.508803125742492	85.01611035025157	18.627313031703036	3.749733873764464	0.4600017735486681	577	102
0.620547187448302	0.0206418302214729	0.0	0.24000001228582943	7.001892101443475	5.999694886906845	5.574100902098349	20.839061052204013	85.04793600715551	18.680957421038535	3.749993628179775	0.4602783233922677	0.24004647174291363	7.029835912150293	5.997498227375375	5.574498312315527	20.78605401375235	85.04072716466658	18.65851498540545	3.75	0.4601984809687348	0.24000805587499252	7.029258768172563	5.9991232231330525	5.576040782641024	20.785638811462295	85.0373738575233	18.653097981752236	3.7496222317611188	0.46000332540670763	620	20
0.635654566341956	0.00295664611809539	0.0	0.240000000143489	7.001215384585104	5.999981688073075	5.574742724133739	20.813207893821165	85.29426695195245	18.743773601681163	3.749921757244139	0.46029279636037035	0.2400100356320778	7.00728930163862	5.9997523209858565	5.575132707355444	20.817927634504574	85.29785737726044	18.74246467279852	3.7499942314239507	0.4602074592155985	0.24001009431688533	7.00570855284665	6.0	5.57488634465299	20.814791155753877	85.29068206255573	18.744694419935968	3.75	0.4600062334615943	635	2
0.598952788461358	0.0529588463389316	0.0	0.24000002208293264	7.0016844242892375	5.999411591619188	5.57478800707231	20.84981903245159	85.00190060566025	18.65633159973661	3.749993514089698	0.4602892074689525	0.24008936234697648	7.056742304659764	5.99438708696344	5.575424854412403	20.69950279886668	85.01039501155275	18.59189578936195	3.75	0.4602103608976746	0.24000325375771825	7.074807520871293	5.997455002904448	5.576335004503119	20.68887170713039	85.01343072397212	18.61790017966286	3.7479252153408718	0.4600001899017363	598	52
0.584924383526695	0.0843237448293821	0.0	0.24000002269820703	7.002252860334843	5.999158040441615	5.574267275881571	20.860748601226934	85.01761607053564	18.631776889255754	3.749980683237187	0.46028363873408357	0.24008409602674588	7.060793051178912	5.994691085695706	5.574550129388937	20.698621856942637	85.01725338616932	18.60257265777146	3.7499938215387973	0.4602066261420918	0.24000379739655742	7.117153485738177	5.997776990064338	5.575502387333876	20.54952551390902	85.01647866126	18.62572300225876	3.748895537409537	0.460006394663856	584	84
0.602864224482482	0.0469293796079741	0.0	0.2400000193291005	7.0016882932587	5.999472403237895	5.574695614347602	20.847631883734266	85.01859492718302	18.66116253873713	3.7499925221337005	0.4602881514441183	0.24008138024378034	7.052203487409424	5.9951202443588665	5.575236277367098	20.715119390976522	85.02988275536936	18.604615923595006	3.7499897481996527	0.46021155682558923	0.24000415135502962	7.066840131257862	5.9978254613110495	5.576166854070489	20.70560123797022	85.03162489798598	18.626187533478255	3.7483047699630747	0.46000103833565603	602	46
0.582691570733392	0.0892171828877509	0.0	0.24000002523268554	7.002398153193831	5.999227408583386	5.574252093755256	20.8620877360886	85.00739659670562	18.628107335250732	3.7499785047073058	0.46028291351941725	0.24008590822049036	7.06190066129974	5.995779676487405	5.574579371465582	20.69865357242523	85.006738643051	18.598431263453445	3.749992986302232	0.46020518499329377	0.24000369337631883	7.121583899058411	5.997945793252784	5.575591408998145	20.530547416917646	85.00487366620412	18.619243918820743	3.7488534156807933	0.46000726858787483	582	89
0.599889630018509	0.0514910670168378	0.0	0.2400000214759601	7.001716872865948	5.999424556806144	5.5747206816783885	20.849709357247683	85.00540920966357	18.656587947168774	3.7499932246013707	0.4602882617493508	0.24008650117443908	7.055248636879962	5.994570863722494	5.575032025775849	20.705054001485216	85.01335465239103	18.596074841081816	3.749999071512603	0.46020978083433034	0.24000358985505726	7.072864455998353	5.997550574215076	5.576231352321508	20.69106507967208	85.01595146801523	18.619908456794906	3.74804516148609	0.46000062580799267	599	51
0.579874027712588	0.0963283925880309	0.0	0.2400000234232272	7.002812674537364	5.998662804488471	5.57399481417469	20.872000710479465	85.00442465967664	18.606349691311998	3.7499962682217562	0.460280236476406	0.24008471437820192	7.065999652231706	5.993930441292646	5.573887351602033	20.70176337388997	85.00385426374166	18.60886096706701	3.749999488199192	0.46022319549716156	0.24000444728785517	7.167778856047133	5.997737524391351	5.575201922400581	20.550230847040343	85.00695443767356	18.611343741291353	3.7473310969767164	0.46000202985114813	579	96
0.601745979445372	0.0485687440885725	0.0	0.24000001993165807	7.001663981197359	5.999457355802668	5.574737586697786	20.848396302679117	85.01182382756664	18.659335730574828	3.749994269467772	0.4602887452221786	0.24008456821799334	7.0540424145453535	5.994888202700134	5.575294129341734	20.709566061385058	85.02456244451308	18.599090982366512	3.749989112773724	0.46021247432154694	0.24000382763235645	7.068833290774094	5.997705862888411	5.5762147576181444	20.703550512466652	85.02688826151099	18.622540957013488	3.7481751411310267	0.4600005496582835	601	48
0.583927674269751	0.0862675332517747	0.0	0.24000002504200138	7.002356471371325	5.999239443793495	5.5742683355714435	20.861238271827233	85.00742005872243	18.630079544984998	3.7499792535297214	0.4602831320646951	0.2400857130527278	7.061287553046968	5.995723409133959	5.574625907203632	20.699527447109936	85.00675443573486	18.598566385162098	3.7499921256669126	0.46020523815794234	0.2400037060576152	7.118258640109855	5.997915497096386	5.575639233357813	20.541519949127473	85.00533004761293	18.619372138180545	3.7488143787376678	0.4600071618055212	583	86
0.604928155352971	0.0438675263919406	0.0	0.24000002005411938	7.002009989600102	5.99950757645611	5.574291297210845	20.85000764974025	85.00415444665182	18.655480735834406	3.74999588597403	0.46028113338996157	0.24007288803369567	7.047664717996642	5.99588018904503	5.5746475514725145	20.736063030172158	85.00457062680444	18.61396499055087	3.7499861392549825	0.460204391852436	0.24000534390402678	7.063108645118844	5.9979937912923855	5.576098495293808	20.706891601490714	85.00431011503755	18.621565073870592	3.748949787021029	0.4600040202381206	604	43
0.578728082090801	0.0994605868382751	0.0	0.24000002137886126	7.0021331844467465	5.998934045045571	5.573270417173296	20.86817576752323	85.01109681952718	18.61498037949687	3.7499888873771874	0.4602805480140221	0.24007971706299705	7.059484820604688	5.996181962613284	5.5746547557446195	20.69547296136641	85.01360336712328	18.59896738732764	3.7499951583122964	0.46020903721753065	0.24000358935156943	7.154241972909489	5.997431334441936	5.5755687927415245	20.51710620941259	85.01910824000495	18.626645266232945	3.74956786454618	0.4600015966699741	578	99
0.621967205508277	0.0188098193655397	0.0	0.2400000101521758	7.001741906455054	5.999824628520788	5.574358556112703	20.834618578972307	85.11537817413374	18.691741308611583	3.749973817505039	0.4602832576477223	0.24004189129095665	7.027749517038963	5.998013650935228	5.574548372509953	20.785315912762247	85.1194436707108	18.671677700918444	3.7499843974421236	0.4602081993379798	0.24000815654202556	7.026467640949225	5.999150282205676	5.575511466576862	20.780404007741645	85.11628512292079	18.670782955745302	3.749646285227837	0.46000371754874236	621	18
0.590732114179722	0.068426333212682	0.0	0.240000025559543	7.0021110070056345	5.999061646587395	5.574360123568494	20.857594830301938	85.0066506402519	18.638555950550828	3.7499800164177333	0.46028525912411933	0.2400875719607465	7.059938857670997	5.995148912359727	5.574773458303116	20.69751754854121	85.01315758452154	18.59264285305623	3.7499841381158863	0.46020695359960817	0.24000334212837318	7.112450388034053	5.997510672420574	5.575657057984631	20.630862110468826	85.01183079361714	18.618786977497866	3.7488840268398587	0.4600078125440786	590	68
0.567888620211836	0.153347481331288	0.0	0.24000338739331292	7.012792250036003	6.0	5.572056833333622	21.021450129248162	85.42319044790136	18.28581438656089	3.7499985333794346	0.46057085701557776	0.24002256929690244	7.067352276335622	6.0	5.571042753967706	20.77897463496141	85.09086461270928	18.45446134975172	3.749870654140604	0.46042874701611897	0.24000315653153953	7.185931487674017	6.0	5.573373581829786	20.48142388160813	85.008021771411	18.49104894556182	3.749829552597958	0.4614721739729642	567	153
0.639526995014435	0.00167805062366011	0.0	0.24	7.008031046097654	5.9942672042994225	5.5734883370057435	21.004217596056233	85.04309320719584	18.30426367664003	3.7499969258355104	0.46056591682106995	0.24002852179208048	7.010975229580733	5.993749371963746	5.573551342715943	21.003808553408543	85.05363930870412	18.306518631012562	3.7499147842505383	0.46049484278617403	0.24000012884092223	7.010566944969723	5.99415406032686	5.573462714628268	21.003108255578177	85.05202933611656	18.304815289093895	3.749870537764257	0.4607712268649798	639	1
0.57697791529428	0.117835628158021	0.0	0.24010528796885855	7.013879738308551	5.997745066931418	5.571640725241148	21.029671827669063	85.0452202633333	18.262066276995697	3.7499946867666183	0.4601029801193135	0.2400227326032806	7.058729864991692	5.9980680258080845	5.570326526277371	20.78490141764156	85.0868311455485	18.354718648223365	3.74985515037151	0.46042751729834736	0.24000344511669644	7.179757191083756	5.99788120266443	5.571147717829037	20.615016374213354	85.0168832454426	18.290027468481767	3.7498413243773343	0.4614542010445985	576	117
0.566854425401583	0.156977817830045	0.0	0.24	7.01349739989705	5.997639329000187	5.570705967811014	21.02781039518751	85.05107005157497	18.261449594280432	3.7499985899799473	0.46045305744046466	0.24003434395127926	7.060471916794429	5.997778355904084	5.5691392343520265	20.779852180814167	85.13424678122364	18.36959321548077	3.7498646085677465	0.4604335938992517	0.24000135982780005	7.184119409445733	5.997649069662008	5.568043093672756	20.46787922208206	85.00028199715689	18.49851590756455	3.7498238101274777	0.46148313062196494	566	156
0.575811720867463	0.125790322771237	0.0	0.24063571345401913	7.000016414789884	5.59992253250248	5.579832101735162	20.99081948694498	85.00058640919421	18.38803709849188	3.7499992300236076	0.46000022469866275	0.24000519478865798	7.063058270884466	5.607619039442598	5.574819637726904	20.762869286806055	85.00021965197358	18.47769292286404	3.749989608248628	0.46	0.24000414910254322	7.173231818131555	5.611469305439162	5.576990598566345	20.540679472913816	85.01020931349142	18.4487525357941	3.7499991789711253	0.4600023527063401	575	125
0.573905010431362	0.131856725595209	0.0	0.24060084424797593	7.000016164788416	5.599173854225434	5.579962399988468	20.991400411902738	85.00061303008252	18.390970584679028	3.749999214321499	0.4600002725711892	0.24000518607398066	7.062675998755726	5.581071146556795	5.574773727549603	20.762495829046	85.00028092678272	18.480187059009705	3.7499892506112964	0.460000000134812	0.24000488257302569	7.176940753257861	5.610158258240287	5.5770874026871935	20.518054442120306	85.00998482012321	18.48156335793758	3.749999184402188	0.46000419947191235	573	131
0.574876108366068	0.128123812150332	0.0	0.2406480546705871	7.000014581798963	5.6002722430200365	5.579918000804637	20.99074982364489	85.00061696792893	18.38845227324019	3.749999216829046	0.4600002267670394	0.2400051992705988	7.062935858115265	5.608824001983711	5.5747613958141065	20.760703151452116	85.00023109839437	18.480346116574168	3.749989368036168	0.46	0.2400041366836232	7.175990852082251	5.611895663656579	5.577002067751156	20.532324319719798	85.01035922787092	18.45231522142514	3.749999160489474	0.4600024495822979	574	128
0.550994756512815	0.313633953298914	0.0	0.2400143114652152	7.176246097414488	5.980171791953882	5.571090128297685	21.3239972181251	85.00358819777648	18.367823934476714	3.7468759635911897	0.4652699890668188	0.24006395769425445	7.173914693067744	5.851532078193707	5.56178723386183	20.898345315852886	85.01062672023797	18.644940737383443	3.7452444610444036	0.4611728609367329	0.24003604603897435	7.358789828322878	5.990777987814209	5.539409782505224	20.454722772641947	85.00872332319042	19.195877040371947	3.7489472037611042	0.4601031561385148	550	313
0.551998675609285	0.304921904172394	0.0	0.24001403034311236	7.176677272740397	5.980589168323055	5.571117240862401	21.3226128995908	85.020019527288	18.374783768707825	3.7469545794994694	0.4648310013235671	0.24006380598559943	7.175232507431937	5.8569264817984	5.562020930854368	20.902168830642104	85.019987527776	18.64445589990676	3.7453670503541034	0.46116198242903034	0.24003702655262088	7.3581420568719	5.990977870198452	5.54160586523297	20.46682059657679	85.01444819997704	19.176268550580645	3.748971233307833	0.4601257126944754	551	304
0.608983230556989	0.0368365689681313	0.0	0.2400000035063846	7.000090966913775	5.9999906325761625	5.571218468101736	20.842463709163287	85.00110270180514	18.64917160967131	3.749941879412434	0.46000012105586746	0.24005637793927015	7.052808257516628	5.999989952208854	5.571574528984615	20.736954812845397	85.00134299752571	18.61898411950149	3.7499998754747557	0.4600312154392651	0.24000000467507104	7.056426350488834	5.999978904611333	5.571623338787989	20.739371228237363	85.00119254791755	18.63330338986578	3.749510800599897	0.46000006376615993	608	36
0.626602717704256	0.0115231556462017	0.0	0.2400000005948786	7.003048252428457	5.999762359414506	5.569300225306383	20.841773325695275	85.00018579183192	18.656367921565604	3.749955636150527	0.4600015470777401	0.24001228832189678	7.014802936849862	5.999790112193723	5.569554058052524	20.803307986880004	85.00019477276864	18.650439907336967	3.749999474986459	0.4604507370741891	0.24000000359455698	7.0145852086617015	5.999816176478805	5.569397273339026	20.80646860566666	85.00019944529157	18.647991156001602	3.7492878488381525	0.4600006230149201	626	11
0.609766182289725	0.0356167585649731	0.0	0.24000000374231162	7.000340574818468	5.99983305548348	5.571216045689749	20.843182662164764	85.00119947693955	18.64942909479416	3.74994177627327	0.4600013935153126	0.24005284883947964	7.051098005113372	5.999868968207523	5.571315644960807	20.740987614650756	85.00125605041187	18.6200614718343	3.749999746511178	0.46007640013081436	0.24000000467423807	7.052396554795538	5.999834787230226	5.57150852217014	20.740466088112154	85.00124662505513	18.632587425607525	3.7494988489127725	0.4600002300111017	609	35
0.612977083740881	0.0309822293301593	0.0	0.2400000045293292	7.001695328237432	5.999618211044957	5.571251916040238	20.842036678693106	85.00156160758712	18.65833037902064	3.749943168627868	0.46000552687699675	0.24003427816786158	7.044744270144749	5.999550450029559	5.571321430644096	20.754729474097218	85.00133740229082	18.63345637092071	3.7499995180608052	0.46016478714193315	0.24000000618031192	7.050213210899046	5.999036380505679	5.571254668583906	20.75487919146753	85.00153383493223	18.63623522243502	3.7494133442770226	0.4600027867862485	612	30
0.613821716767147	0.029642498766232	0.0	0.24000000433716628	7.001747638073842	5.999639210914761	5.571112057624636	20.84198557220002	85.0014920014184	18.658141945737242	3.749943586976018	0.46000464073312486	0.24003298440514861	7.042897875405691	5.999601722025712	5.571223528431708	20.75732627354205	85.00128010759813	18.63414781122398	3.74999956625826	0.4601878703287479	0.2400000061333369	7.047292416941165	5.99913401488406	5.5711673263417305	20.758592015448595	85.00146608495773	18.63713178499337	3.749407950354405	0.4600024117646932	613	29
0.605947871209302	0.0415030525549736	0.0	0.24000000419108047	7.0000666956173605	6.0	5.571444839626267	20.844121599673983	85.00132941266534	18.645453186821065	3.749939714704888	0.46	0.24006184110947404	7.058772175594995	5.999946128382852	5.571867434353036	20.727336704035523	85.00149306596005	18.61216867358207	3.749999756483029	0.4600211640365023	0.2400000042435352	7.067921760522942	6.0	5.571946884677389	20.731027592850737	85.00126433973459	18.627899683636976	3.749553437612798	0.46000033540829616	605	41
0.6295401922272	0.00770706775811869	0.0	0.24000000111361836	7.0035848017943	5.999880540386176	5.569012945642795	20.841915421292732	85.0003624263869	18.656981597311137	3.7499581114964804	0.46000188756166316	0.24000601477130445	7.0096507194444	5.999810922903959	5.569267724229676	20.81452913373021	85.00033579627673	18.656093542487255	3.7499993575248243	0.46035961351564236	0.2400000186836301	7.0077730596092325	5.999876270274584	5.569143253829806	20.819763683961042	85.00036191838285	18.64988545507071	3.749250665832553	0.4600005961508641	629	7
0.616973681758285	0.0249944384189708	0.0	0.24000000432083138	7.002259455871583	5.999444702899309	5.5706309438264805	20.842004392833637	85.00146254017103	18.65852513861574	3.7499451772183567	0.4600013036590162	0.24002786326613398	7.036553708065017	5.999825772280089	5.570580396460112	20.767881685991558	85.00109590389646	18.6389526331232	3.7499997089922275	0.46025100302839367	0.2400000055086876	7.036203310033809	5.9994067914164795	5.570795760891531	20.76868953254858	85.0014768300164	18.641346976892585	3.7493780149468368	0.4600003883521547	616	24
0.628775596720325	0.00856508615452316	0.0	0.24000000108217545	7.003540492534012	5.999848063303047	5.5690698812051425	20.842255470019648	85.0003525868719	18.656217095700384	3.749958771190517	0.4600022534668863	0.24000742210952714	7.010634670075532	5.999753026039754	5.569277968242459	20.81333613751608	85.00034445590984	18.654924033503608	3.749999333337668	0.4603833401575497	0.24000001988477543	7.01073560146615	5.9998394549122755	5.569159729729736	20.81571266571694	85.0003546339016	18.64893394121576	3.749256007759518	0.4600007391340185	628	8
0.607906107715273	0.0384235527735198	0.0	0.24000000350783576	7.0	6.0	5.57125977320262	20.84270537561125	85.0010861587802	18.647478753331104	3.7499410061573992	0.46	0.2400609430596082	7.055049263901373	6.0	5.571684048167951	20.732616192011587	85.00137732878429	18.615829520489932	3.74999997256052	0.4600008203323322	0.24000000451527403	7.057440804388199	6.0	5.5717351326083	20.733682058378413	85.00119462687957	18.632282937234088	3.749531983058744	0.46	607	38
0.614888921550511	0.0279935372243601	0.0	0.2400000040590225	7.001823704594492	5.9996791902493145	5.570931708278799	20.84176729031471	85.00139197612113	18.658189855957072	3.7499443260441474	0.4600039172907632	0.24003140737497322	7.040611061601251	5.999636435038925	5.571165102111584	20.760625257149336	85.00122902800724	18.63560150474208	3.749999603589418	0.46020630554384406	0.24000000588030918	7.044294670653106	5.9992117118068204	5.57104796383981	20.763531232703805	85.00137097554254	18.63859316550017	3.7493989294979135	0.4600023088774895	614	27
0.630481083357066	0.00665046825014297	0.0	0.24000000069856078	7.003715133888308	5.999838840321978	5.568937800859779	20.841940254407376	85.0002415058261	18.657199968199006	3.749959082184606	0.4600014821542593	0.24000277623940844	7.007151319712149	5.999883490579399	5.5690753417797625	20.819010127972444	85.00025043753143	18.65719386341614	3.7499993608407	0.4603955218462949	0.24000001888919945	7.005568464830014	5.999859063842722	5.56902038995394	20.822034169903954	85.00023144215183	18.64979237382859	3.7492394877974133	0.46000019092471356	630	6
0.617991938007298	0.0235501832320179	0.0	0.24000000379220965	7.001948583432242	5.9997713593083155	5.5707313654591495	20.841460371673072	85.00130378259117	18.658529520903727	3.7499451645452186	0.46000009480094606	0.2400280109618613	7.036924988301958	5.999698444341364	5.57098877487827	20.78004421570875	85.00112522297356	18.637663201279715	3.749999646196926	0.46024377103249525	0.2400000056608146	7.038228860512556	5.999276218172783	5.570839779161612	20.77377809571027	85.00128376202578	18.63991266738372	3.749381460798055	0.46000211840300004	617	23
0.625867851557327	0.0125075929938197	0.0	0.24000000080323386	7.002982748094664	5.999743530457881	5.56939539581518	20.84184213162649	85.00025676526162	18.65634196112264	3.749954939850441	0.4600015657431069	0.2400136111200937	7.01638836703905	5.999777486456862	5.569623666513212	20.80069410187454	85.00024969928829	18.649422039183218	3.749999492427124	0.46043562740850086	0.2400000036283088	7.016303818540116	5.99979644519706	5.569494526022213	20.803531463574032	85.00026836418822	18.647403864522737	3.7492953234403896	0.4600006750193036	625	12
0.627844712543463	0.00976313343987615	0.0	0.24000000115043585	7.003476874200806	5.999785421015109	5.569178616812648	20.84226997239845	85.00037547170976	18.65638654987639	3.749957813909692	0.4600022598339567	0.24000843086244852	7.012130108110025	5.999727625919893	5.569345014034665	20.810384815137553	85.000362742952	18.654140603066597	3.7499993372695455	0.4603432920150401	0.24000001800754545	7.013137700381327	5.999789757580679	5.569261961696483	20.81113774583053	85.00037374813898	18.648282841811106	3.74926356346009	0.4600006875258633	627	9
0.610904686873306	0.0338861625254626	0.0	0.24000000323773488	7.000500278994076	5.999928813599908	5.570991391941383	20.842704902357156	85.00103272669162	18.649602029175036	3.749943695312055	0.460000179241079	0.24005167716275244	7.048252929180533	5.999979787154135	5.571291396129709	20.744757023402027	85.00125219520872	18.62259580362339	3.7499998455335795	0.46006790435181727	0.2400000062753422	7.0515281671395815	5.99997586554262	5.571363966198918	20.746669284401925	85.001113347537	18.635085455835355	3.7494856813993183	0.46	610	33
0.63148032345114	0.00577845103451666	0.0	0.24000000052503676	7.003831136569705	5.999871246201959	5.568785499143102	20.84180484470514	85.0001801119424	18.657389435879402	3.7499597890029843	0.460001152500897	0.24000091174172672	7.005032720023409	5.999885601826425	5.569008898758599	20.821732556343758	85.00021587770482	18.658784821884947	3.749999383010416	0.46040770555985133	0.24000001946418514	7.002961699094758	5.999912592536193	5.568913401537294	20.826464292428124	85.00017399608609	18.651090224940386	3.749229389169464	0.4600001919808642	631	5
0.624993697277373	0.0137150481821088	0.0	0.24000000074281008	7.002872608042835	5.999724999121487	5.56945305688379	20.842098650647838	85.0002288387004	18.655461379235582	3.749954832550669	0.46000174721722903	0.24001603244034309	7.0178581599971785	5.999691744936713	5.569687837960659	20.798110586033054	85.00023341280469	18.647882880546486	3.7499994856007763	0.46043076543924755	0.240000002130018	7.018979976961203	5.9997945470694996	5.569544238798825	20.799721042397962	85.00024718802862	18.646681388040083	3.749306030128965	0.46000089403095756	624	13
0.615794880162982	0.0266451355709379	0.0	0.24000000420016984	7.001823145907449	5.9997566125618205	5.570903648123271	20.84143445155052	85.00144543934691	18.658798516192295	3.749943927567876	0.46	0.2400299871963219	7.039652067019681	5.999672435872415	5.571168101794452	20.76233159253842	85.00124593274575	18.636212466811763	3.749999660674555	0.4602150263771901	0.24000000608483762	7.041294540431518	5.99919906456389	5.571016123542152	20.76972428673035	85.00142084073903	18.63900175238182	3.749392660325308	0.4600023342728379	615	26
0.611817041994634	0.0325680383850973	0.0	0.24000000296547494	7.000433712222956	5.999940665631117	5.570877618376644	20.842188013810166	85.00093961133524	18.65004343693348	3.7499441075712743	0.46000011428375853	0.24005089369923263	7.04653140332861	6.0	5.571216143585307	20.74605590192385	85.00123206100099	18.623763962411942	3.7499998395908998	0.46006421636142286	0.24000000688033252	7.047869229693684	6.0	5.57128350131596	20.75048076756252	85.00128826961311	18.636300542754498	3.749478520514116	0.46	611	32
0.60693403268032	0.0399407520701211	0.0	0.24000000373732025	7.000248527193757	6.0	5.571314529236754	20.844086000936137	85.00118017191909	18.645886352216106	3.7499413060168156	0.4600008889158387	0.24005881774373625	7.055867666706527	5.999970170432139	5.57167499094981	20.732378953112683	85.00136977635216	18.61459140043013	3.7499996711787795	0.46005018067377684	0.2400000040780274	7.065631753861606	5.999982550195175	5.571755975944168	20.7334435152526	85.00125144262682	18.628768186065077	3.74953646219472	0.46000016187050197	606	39
0.572807602956588	0.145238741647752	0.0	0.240004796943755	7.002679453174912	6.0	5.5690567205023065	21.04099814900502	85.33065551855681	18.18384051761685	3.7496743385919635	0.46065838420886385	0.2401140582483574	7.0811833928626635	6.0	5.570818816885419	20.81734647475785	85.39115938272207	18.392808446290726	3.748678721828451	0.46076455149605666	0.24003571359881518	7.162694971047354	5.994667086562107	5.57219556287995	20.518461196044818	85.49513353199404	18.281506737492137	3.749333541357429	0.46	572	145
0.563854766432683	0.196079403053166	0.0	0.2400012310407853	7.01721894821141	5.959332877674011	5.569658728820474	21.08674963876479	85.44482289964871	18.13905321763297	3.7497167656322947	0.4611296120804914	0.24011099349840845	7.084015050500211	5.961176945463768	5.572605130853399	20.811137289206926	85.31339751188244	18.443050313862454	3.748592606625061	0.46124317384814706	0.24010118459540622	7.148646505900362	5.973974721290612	5.565431411316501	20.39073075102858	85.33800354653161	18.501541088138996	3.7487752250288793	0.4600061646684911	563	196
0.554984956596381	0.256859298599755	0.0	0.24	7.031509169257028	6.0	5.569569893329767	21.128278227263788	85.89267205178369	18.111225039379217	3.75	0.4615633716717604	0.24010399417133893	7.094006227831946	6.0	5.574241188254949	20.785957448275667	85.54000306947604	18.584430728381676	3.7475216488907286	0.46168552312328376	0.24016347833673482	7.136707706993736	6.0	5.572152383060639	20.289357403751787	85.18944393242755	18.72903604815165	3.747997084610785	0.46	554	256
0.558893796847556	0.225250705573162	0.0	0.24000022611433505	7.024612503583554	5.983615079406919	5.569729768349402	21.108874057374617	85.74281136399084	18.127778667247913	3.749904818294103	0.4612190107533041	0.24010589172203203	7.087699931844705	5.987530974997571	5.573587954615222	20.783210054232896	85.52307803022718	18.525171993335363	3.7479038454685147	0.4614175944972864	0.24011789659095942	7.139160247460517	5.982465529573747	5.571869925556772	20.34022843258991	85.27097462701641	18.619466909185427	3.7483928808464584	0.46008223872532994	558	225
0.561951115681874	0.207026089817068	0.0	0.2400001231002557	7.021382051679877	5.974791360137292	5.569570532615453	21.09606217172237	85.76868602612814	18.1395291343709	3.7498818553282303	0.4614245579842349	0.24011099656082235	7.085784557644161	5.989751020865571	5.573027648360229	20.7877287590131	85.57135702274583	18.50040843187764	3.74817267738396	0.46131442941171297	0.24012772117247533	7.1481699411168425	5.985269961469823	5.571601602791946	20.381758829682155	85.34054704594293	18.562372176544034	3.7486366750577402	0.46001037918492194	561	207
0.552954723394353	0.266452571298264	0.0	0.24000105816657205	7.030652152063565	5.999932242075004	5.569514768197683	21.12708862683885	85.8301132501953	18.111981389543068	3.7499858177411047	0.4615515690346637	0.24010520502444443	7.094667820720552	6.0	5.574132954619078	20.782490320881745	85.53373020138307	18.576029862364777	3.7475293305870996	0.46165631138274993	0.24016227724712375	7.141946890546772	5.999783752730849	5.5628868199852075	20.26752342455724	85.16591891131783	18.76703752856502	3.748039784432838	0.46000077866991484	552	266
0.564925722230489	0.190224525473136	0.0	0.24	7.016041738485935	5.958030574713975	5.569622575114883	21.082952646483633	85.6143811425616	18.14135129161488	3.749698981605585	0.46113120752142267	0.24011287956320507	7.083498841091763	5.959576055235519	5.572414007957033	20.8119954137191	85.29940374880015	18.432833934172468	3.7486816498279194	0.46121581390955446	0.24009925119177247	7.150374828964923	5.973150545660608	5.564901666063098	20.40578696310131	85.35828888887734	18.469964512005852	3.7488429033481836	0.46	564	190
0.559995251599062	0.218324105395005	0.0	0.24000087066604606	7.023948486996405	5.982971725005881	5.569637023587843	21.1036905375428	85.8134391209377	18.136772471991254	3.7499066069483704	0.4615021029414223	0.2401115113336353	7.086499172778371	5.987211938863617	5.573365918075742	20.782485527105216	85.58892810572296	18.51785118217762	3.748103695464462	0.46140498909617267	0.24013791249311908	7.146044352742085	5.983265898564605	5.571526396873703	20.357563369198278	85.31436298244236	18.603397762201308	3.748539901411297	0.4600132496554239	559	218
0.661634805975086	0.000977911203401791	0.0	0.24000209138817086	7.000088215908269	4.283348573339571	5.573849152398121	21.085187848463544	86.02855071580687	18.283070294269457	3.749983916523284	0.46011030582545565	0.2400274261667344	7.001336824300802	4.285596949315457	5.573873291930255	21.08432303226743	86.02963343916365	18.282738512608	3.749912108165871	0.46012972283843445	0.2400165458650946	7.001032030864091	4.285462968622399	5.573789882552928	21.08562611503099	86.02572846936793	18.283328791034712	3.7498951179721898	0.46001657080023994	661	0
0.560972170320645	0.213436716830068	0.0	0.2400000802525243	7.022976754843758	5.984122192443294	5.569620487267078	21.100817411843316	85.7893707900429	18.137848480418107	3.7498976914064297	0.4614869046077244	0.24011081070781565	7.086117747210629	5.988058359922608	5.573236020709695	20.785217023434964	85.58700231623297	18.509395401246426	3.7481331358978798	0.4613613595688372	0.24013501585355682	7.146677274872738	5.984146958566129	5.571521956616988	20.36881518351954	85.32627760046493	18.587938029870053	3.7485753722853294	0.4600118323195728	560	213
0.565944157691253	0.18535987462295	0.0	0.24000105713874445	7.015418504705215	5.960303683486809	5.569596487901348	21.079998772331596	85.63240178595672	18.14474455548104	3.7497032513865816	0.4612095584290498	0.2401083610762098	7.08288889624455	5.961796970823591	5.572296174545038	20.812853858313463	85.33261455027396	18.42774981683193	3.7487320042998094	0.4611899420939362	0.24010384091546597	7.152214674059178	5.974583728209419	5.565204120422643	20.419206116713365	85.37987339009888	18.457926160990286	3.7488980828745913	0.46000280082555917	565	185
0.553854695027835	0.2616790983961	0.0	0.24000338913249364	7.030036530081199	5.999508929778324	5.569511908586008	21.125680909925656	85.81983485487127	18.112027853392245	3.7499802499427	0.4615209123024847	0.24010370280443405	7.094341898197994	5.9996482620082165	5.574035463454075	20.78406426643163	85.52601294847808	18.56740956017226	3.747533842804631	0.46164381545181715	0.2401585217606901	7.142668173707406	5.999432810724835	5.56307113741881	20.277283619085996	85.27372595297058	18.75465521315744	3.748057028210026	0.46000172517971577	553	261
0.562905445327677	0.200939904787566	0.0	0.24	7.02026767574115	5.9764051722485165	5.569507884612444	21.091382397900457	85.78117869671422	18.144356173883327	3.749874438430367	0.4615157062046002	0.24010599033596663	7.085050852118872	5.990389069700861	5.572828180469714	20.78898770743625	85.5931019246036	18.492372507237565	3.7482791484752283	0.4612744589225306	0.2401328380862745	7.151905080494547	5.9862208943914395	5.571501170554103	20.395611556298775	85.36663889347429	18.543100009339152	3.748729029782893	0.4600090185815712	562	200
